0:
##.
##.
###

1:
###
..#
###

2:
###
.##
..#

3:
.##
##.
###

4:
###
.#.
###

5:
#..
##.
.##

44x37: 42 50 38 39 43 37
43x43: 38 33 30 37 24 33
35x40: 29 36 40 35 41 35
46x46: 46 51 66 49 58 59
43x47: 29 39 28 48 33 32
37x43: 20 29 30 25 27 36
44x44: 46 47 53 51 51 51
36x38: 26 25 24 21 26 22
40x37: 20 25 22 32 30 26
43x40: 48 42 42 41 37 59
47x35: 26 27 22 27 25 38
47x40: 38 43 55 50 48 60
43x47: 36 35 20 50 34 35
37x47: 35 25 33 32 26 28
42x39: 44 22 31 30 29 25
36x45: 28 29 36 23 38 26
49x41: 31 36 36 37 32 35
49x50: 42 33 53 50 32 46
41x35: 33 33 27 42 39 49
48x49: 35 52 40 40 46 43
42x42: 25 32 43 31 29 35
45x50: 42 37 37 45 41 37
46x48: 36 38 35 46 39 46
38x50: 35 32 30 28 27 40
46x42: 28 33 48 46 22 33
48x43: 48 39 27 45 32 32
40x40: 26 42 43 42 49 46
35x46: 30 20 31 28 26 30
40x44: 24 30 25 30 28 44
47x41: 46 48 45 50 55 53
46x49: 45 52 34 40 40 29
44x44: 34 24 26 28 39 45
40x48: 36 30 32 28 44 38
37x46: 31 31 31 23 35 29
40x42: 19 28 35 25 35 40
46x50: 33 36 52 48 32 39
35x47: 33 26 20 27 31 27
35x41: 39 45 31 28 38 40
36x45: 33 27 24 28 41 27
42x41: 35 30 34 31 23 29
46x35: 43 45 38 40 37 46
40x43: 23 22 28 39 31 39
43x44: 35 29 30 27 41 34
42x38: 32 25 22 31 31 27
40x45: 31 32 32 28 37 35
46x48: 67 54 50 58 54 56
42x46: 35 35 36 32 42 30
43x39: 36 46 50 46 42 38
48x48: 71 68 50 47 57 61
48x44: 59 64 48 58 49 43
47x43: 53 52 50 63 36 59
39x44: 48 39 58 40 38 43
41x35: 24 30 13 24 21 31
37x38: 27 24 24 25 20 24
46x40: 32 27 31 32 38 35
39x37: 46 30 28 45 33 40
35x40: 27 28 29 21 18 19
44x49: 39 34 38 39 37 37
37x43: 25 24 37 23 35 24
41x50: 39 32 48 26 32 31
42x43: 29 25 37 33 29 43
46x40: 54 40 49 44 48 49
36x36: 19 27 15 31 26 25
46x49: 34 40 44 37 44 40
50x37: 38 23 42 27 32 30
39x49: 52 44 49 48 45 59
36x37: 24 15 30 20 29 25
42x35: 21 28 24 25 26 29
40x43: 35 30 33 29 22 33
44x37: 27 31 30 24 28 28
48x40: 39 27 36 33 33 39
41x42: 48 44 38 43 51 39
47x39: 42 45 39 44 59 54
39x41: 42 38 39 47 42 37
35x43: 26 25 25 25 23 29
47x46: 45 34 50 36 29 30
38x49: 27 35 26 41 32 31
45x38: 27 30 22 39 33 29
40x36: 31 45 31 44 36 33
40x45: 29 29 29 39 30 38
42x35: 22 32 19 24 26 30
46x49: 66 56 53 59 60 50
43x39: 27 29 41 28 25 31
47x47: 35 33 43 41 45 27
36x35: 26 17 22 23 18 25
50x39: 42 59 45 43 59 52
38x48: 47 54 47 35 46 54
37x40: 39 40 30 44 36 38
44x43: 36 37 33 40 20 30
37x45: 35 30 29 32 28 25
42x36: 49 33 34 40 38 38
40x39: 49 41 49 32 30 41
36x50: 29 33 29 27 33 40
38x40: 28 23 26 23 26 29
50x48: 49 38 35 41 47 45
47x41: 39 33 32 32 24 35
39x36: 34 43 33 36 28 44
38x39: 28 21 30 25 27 24
36x47: 24 29 26 27 35 39
41x36: 19 26 37 25 22 27
36x37: 37 32 33 29 37 38
36x50: 35 39 37 30 24 27
43x44: 34 30 40 29 37 26
38x38: 33 39 40 41 32 38
47x40: 34 51 47 51 56 51
46x43: 33 30 31 41 35 40
42x39: 36 40 36 54 47 37
42x43: 37 26 31 32 36 34
38x45: 45 49 31 46 51 38
41x42: 27 30 25 27 37 35
37x39: 26 28 22 23 28 28
42x36: 18 30 32 34 25 29
36x44: 26 33 25 38 26 20
36x44: 32 24 29 18 31 33
44x41: 52 38 54 34 47 57
35x40: 21 26 25 26 18 26
37x35: 18 18 18 26 22 29
42x44: 29 37 27 36 33 33
47x35: 26 42 27 25 23 21
37x39: 32 40 31 40 35 46
41x37: 36 35 47 37 43 36
43x40: 32 37 33 20 27 32
41x45: 33 29 31 27 39 35
35x41: 38 35 45 32 36 36
42x41: 33 31 28 31 30 29
36x36: 40 32 24 29 41 32
42x39: 31 29 34 26 35 27
47x35: 46 39 44 46 33 47
37x38: 23 28 27 26 19 20
46x39: 36 38 40 27 24 29
50x44: 45 35 38 46 33 26
41x44: 34 29 20 34 34 30
41x48: 50 40 52 47 57 60
45x46: 56 51 68 54 39 53
41x47: 52 58 50 47 43 46
43x40: 27 31 35 29 34 25
36x44: 20 27 34 32 28 27
35x45: 34 50 41 46 31 41
40x46: 43 24 29 35 35 29
37x40: 45 38 34 31 35 47
35x50: 27 27 40 23 30 29
45x39: 48 33 47 47 54 40
42x41: 22 27 41 31 36 24
49x48: 48 33 41 40 41 52
47x45: 49 70 48 52 46 62
36x39: 27 29 22 23 30 24
42x37: 28 37 30 19 26 28
44x48: 44 52 49 66 56 59
46x41: 22 41 27 36 36 32
46x46: 44 40 32 31 35 42
44x49: 27 40 40 33 31 52
49x35: 32 28 35 22 23 36
39x40: 38 26 44 34 56 44
37x46: 29 29 42 23 30 26
37x45: 25 34 26 41 26 27
47x36: 26 33 32 35 28 25
42x45: 36 41 36 27 43 27
38x46: 48 46 39 48 46 40
48x48: 69 57 49 73 54 48
46x41: 28 45 31 33 26 32
44x42: 31 34 31 29 30 41
38x46: 34 40 47 60 45 43
43x43: 40 31 34 37 19 34
50x50: 42 46 42 51 38 36
46x49: 40 38 36 41 42 42
44x38: 44 45 34 42 47 45
37x50: 33 35 24 41 28 31
44x36: 24 27 35 24 36 22
43x50: 35 39 29 40 45 36
35x42: 39 31 46 50 28 32
42x37: 24 23 31 30 35 25
48x37: 34 23 36 35 29 35
45x44: 26 26 37 44 40 36
36x36: 26 23 24 31 15 24
46x43: 46 46 48 63 48 54
47x36: 23 34 29 32 29 33
38x45: 33 32 27 22 35 31
42x45: 50 55 50 43 48 44
47x40: 39 36 34 25 29 31
48x40: 52 52 60 37 43 55
50x50: 51 37 32 43 40 52
49x41: 56 56 40 51 48 59
49x38: 30 32 30 38 34 27
35x43: 23 29 20 34 24 23
40x43: 54 50 40 37 45 36
38x40: 24 23 28 24 31 25
50x40: 52 48 53 49 58 47
44x36: 44 43 34 35 46 41
37x39: 28 24 24 34 26 20
35x46: 39 39 39 40 44 49
49x37: 35 28 33 31 36 29
43x42: 39 34 26 31 32 33
48x46: 35 43 34 39 41 48
48x40: 42 47 62 45 49 54
45x45: 41 30 44 44 30 35
40x50: 39 64 61 42 55 47
41x41: 31 29 26 24 33 26
40x44: 27 32 30 31 32 29
45x47: 40 49 45 25 29 37
41x41: 27 20 29 32 29 31
40x49: 29 39 43 38 26 33
45x49: 43 42 44 42 36 32
48x46: 44 33 44 32 44 42
44x49: 55 57 43 70 53 51
38x50: 54 53 41 39 50 57
44x46: 30 40 35 32 32 41
49x38: 50 52 52 43 48 40
44x37: 46 55 27 40 40 40
46x48: 62 52 59 57 52 59
45x38: 46 35 48 42 39 58
35x47: 34 32 19 33 18 28
39x38: 48 33 37 36 32 44
40x49: 41 35 34 35 28 35
35x46: 27 31 32 21 26 27
43x49: 32 40 35 40 44 33
48x48: 63 68 49 58 54 62
40x48: 41 49 47 49 61 48
50x39: 57 48 58 40 50 48
37x45: 27 21 34 32 36 29
41x39: 23 35 21 21 32 36
42x40: 29 25 35 24 34 35
42x37: 32 24 14 29 36 32
39x36: 32 37 37 29 46 35
36x45: 40 40 38 46 44 41
49x47: 63 61 59 53 59 60
48x42: 38 46 36 30 34 40
45x48: 45 35 44 34 40 41
49x37: 44 34 36 28 30 19
39x39: 43 39 44 37 33 39
45x37: 30 27 26 20 44 32
50x45: 47 61 66 64 59 48
42x43: 26 34 31 33 30 41
48x41: 32 36 41 33 34 31
46x47: 61 52 46 53 68 50
49x35: 38 46 46 43 51 39
35x45: 54 47 39 24 41 36
46x35: 38 39 46 41 38 49
36x50: 44 50 44 42 46 53
38x43: 55 26 41 46 50 30
47x44: 38 32 31 38 37 33
41x44: 28 30 33 28 31 32
42x44: 32 19 31 37 41 35
48x45: 55 51 63 58 53 53
40x36: 29 23 28 18 27 31
39x36: 20 17 33 25 28 33
46x39: 34 38 32 26 36 28
48x44: 32 37 37 32 40 45
40x39: 22 30 30 27 25 35
35x38: 29 23 18 25 20 17
36x42: 30 29 24 32 30 23
38x40: 21 32 24 23 27 28
45x50: 39 37 31 40 46 46
44x36: 24 30 29 26 25 34
44x39: 33 30 35 22 27 35
35x47: 31 21 34 22 22 34
38x42: 28 28 31 33 19 28
49x46: 36 40 49 39 35 40
35x39: 39 34 31 35 35 36
36x44: 37 24 27 28 30 22
45x44: 41 30 23 41 35 40
40x39: 25 29 26 34 32 22
48x49: 54 65 52 64 58 71
49x50: 37 38 41 51 42 47
35x44: 45 39 44 38 27 47
39x48: 37 37 27 36 34 36
42x41: 26 34 29 42 22 29
36x40: 22 29 32 18 25 30
42x48: 53 54 50 53 46 55
44x35: 36 40 41 36 48 35
47x37: 35 32 32 29 23 29
45x35: 29 31 29 21 32 22
45x45: 47 36 63 53 64 50
48x42: 36 34 38 41 37 37
46x50: 37 42 33 37 49 42
48x38: 49 47 58 38 43 48
47x36: 32 37 25 32 25 29
40x38: 21 28 19 36 27 24
48x45: 50 33 45 42 30 40
40x41: 24 26 25 33 34 26
42x44: 32 35 30 31 36 32
42x46: 31 31 28 44 44 31
49x40: 50 51 55 44 51 52
44x35: 31 23 27 23 27 22
44x42: 43 34 24 34 36 24
46x47: 27 39 52 36 47 23
35x36: 19 26 21 20 27 18
35x45: 39 35 24 22 24 20
50x46: 47 38 35 39 37 43
46x46: 40 30 36 44 41 34
49x45: 34 32 47 38 36 53
47x44: 45 46 61 52 67 47
45x45: 42 31 45 32 44 31
36x44: 29 25 17 38 32 27
41x41: 37 21 27 25 25 34
48x37: 40 32 56 40 61 46
46x47: 52 58 52 54 57 61
35x42: 36 33 41 34 47 35
45x41: 27 26 43 22 42 35
35x42: 24 23 23 31 23 29
42x46: 30 39 26 32 37 45
47x36: 47 45 43 49 32 45
44x47: 32 46 27 37 35 33
42x37: 49 45 29 40 34 41
40x46: 48 44 55 44 48 45
38x43: 35 49 53 36 41 38
50x43: 30 31 40 42 46 34
37x41: 41 37 35 40 39 42
36x47: 21 31 32 34 36 26
35x50: 51 44 43 47 47 34
46x39: 35 34 39 43 30 14
35x39: 37 30 34 31 46 31
35x38: 31 34 35 36 30 41
42x41: 25 26 31 28 39 32
45x50: 35 40 37 50 39 38
50x36: 35 38 28 32 33 25
39x47: 52 45 61 40 40 46
50x46: 33 31 42 34 48 51
35x49: 32 27 30 30 27 30
45x47: 53 53 53 58 53 56
41x40: 24 32 23 25 25 39
46x46: 25 53 26 38 40 43
42x49: 36 31 31 40 46 40
42x44: 47 41 48 45 56 48
39x43: 34 53 33 46 38 57
35x46: 29 22 30 26 28 29
35x49: 39 34 29 21 24 28
41x37: 43 53 31 37 33 34
36x37: 27 21 27 22 20 26
39x37: 34 38 32 37 43 38
46x44: 29 40 32 35 39 35
50x42: 54 51 63 58 51 45
44x42: 32 42 28 30 36 28
36x38: 41 33 31 42 29 34
40x41: 44 48 39 32 48 41
46x43: 37 46 32 27 39 28
45x43: 43 45 55 65 50 37
41x38: 28 29 24 21 29 24
46x40: 31 34 36 28 33 32
45x41: 28 34 36 29 31 36
37x37: 48 36 33 26 37 29
36x49: 25 32 38 39 27 31
38x43: 27 24 33 29 33 22
36x41: 21 24 30 29 19 33
35x40: 26 23 26 20 28 20
36x48: 53 50 41 45 44 28
50x38: 32 42 30 21 37 29
46x44: 57 58 48 45 52 51
48x47: 43 34 53 25 41 43
35x45: 43 44 42 34 37 44
36x35: 26 36 38 35 30 29
43x37: 26 28 24 21 32 36
45x48: 67 55 58 50 48 55
38x41: 44 38 34 34 45 46
42x49: 32 33 46 32 36 45
46x39: 46 51 51 49 42 35
44x48: 39 37 41 42 30 34
47x46: 41 41 28 51 37 26
46x38: 25 40 27 27 16 45
39x37: 38 47 28 40 29 40
43x48: 51 51 73 52 52 37
49x40: 57 41 56 50 53 44
39x36: 36 27 31 52 33 37
45x38: 47 36 47 45 47 41
41x36: 38 39 25 42 42 40
42x50: 52 63 61 45 53 49
36x36: 25 16 26 24 31 21
47x42: 58 49 45 52 47 53
42x40: 33 35 31 25 17 41
49x39: 30 32 33 36 33 44
41x41: 21 30 29 33 29 27
47x42: 39 39 35 34 35 28
40x36: 28 26 26 21 27 28
48x41: 56 46 55 53 42 52
36x37: 38 36 32 33 26 42
36x36: 29 27 25 17 23 23
45x42: 43 54 44 52 58 36
49x47: 59 55 45 66 70 57
36x50: 27 30 36 33 34 31
45x50: 60 53 55 70 58 47
46x43: 38 45 30 28 32 37
38x45: 35 51 50 42 41 46
37x37: 25 20 24 22 27 26
43x42: 51 43 48 53 40 42
46x50: 47 32 41 40 39 40
50x39: 36 29 38 29 40 35
36x35: 34 33 32 25 35 36
38x50: 28 28 29 34 39 33
47x45: 51 56 47 49 67 55
40x46: 30 28 33 33 30 40
41x43: 28 28 34 22 35 34
48x47: 58 61 51 73 52 49
43x41: 52 42 39 47 40 53
50x35: 34 47 47 34 53 59
38x41: 38 34 44 43 45 35
39x37: 33 20 20 20 33 30
35x45: 29 26 24 25 35 26
37x38: 36 37 46 29 36 33
46x42: 27 31 39 48 34 31
45x41: 32 29 23 45 36 29
38x45: 32 39 33 28 25 22
41x46: 40 42 27 31 30 24
37x40: 23 29 25 28 27 24
39x44: 32 32 25 33 26 34
44x48: 42 40 30 26 42 43
43x37: 47 30 49 49 33 37
44x36: 39 43 43 43 41 33
43x48: 37 38 38 30 40 41
48x36: 33 50 46 42 44 54
49x40: 52 26 38 22 38 31
41x47: 27 37 28 35 28 40
43x41: 32 28 31 22 33 36
44x43: 32 35 26 32 40 31
39x38: 31 36 40 41 42 39
49x40: 51 46 54 49 53 49
37x37: 23 19 26 28 30 18
49x37: 33 39 29 24 33 34
50x48: 47 36 39 41 48 45
46x50: 41 66 64 62 67 53
50x39: 47 53 53 42 55 51
39x45: 36 29 37 38 31 23
41x42: 52 26 55 38 51 45
49x49: 42 43 31 47 53 39
36x47: 33 23 26 28 34 35
44x38: 48 54 35 32 43 45
40x36: 20 23 32 23 33 25
38x40: 37 43 32 40 38 45
39x43: 37 18 34 30 30 33
48x40: 52 51 51 48 45 49
41x36: 25 25 27 21 28 30
42x39: 38 43 44 43 39 47
40x39: 40 32 42 40 43 45
35x37: 23 15 25 21 28 19
49x39: 41 38 31 30 35 32
39x41: 24 34 25 21 37 27
38x45: 32 35 37 24 24 28
41x43: 32 28 28 29 31 33
48x36: 51 43 45 45 51 26
42x44: 38 38 47 54 59 49
35x46: 50 38 41 43 35 41
48x42: 60 48 54 38 58 53
50x49: 68 68 65 64 53 58
49x45: 47 62 51 53 66 61
45x44: 24 35 38 34 27 52
40x35: 27 19 26 21 23 26
40x44: 31 35 33 26 23 34
35x48: 51 50 45 42 36 32
43x41: 33 36 27 33 28 24
50x42: 42 35 39 42 33 32
50x47: 58 49 68 63 62 64
37x36: 32 38 36 34 32 33
41x36: 39 32 36 34 49 37
37x41: 51 35 36 43 40 24
45x49: 58 52 57 58 59 55
44x45: 45 52 57 52 54 44
46x39: 30 29 37 24 30 44
46x44: 38 34 29 46 35 28
46x50: 62 66 50 62 53 60
43x49: 42 37 34 33 39 39
38x38: 24 20 26 26 26 22
48x39: 41 39 36 33 29 29
46x39: 47 51 41 47 42 48
35x37: 37 32 27 37 27 41
40x46: 36 37 28 30 39 25
42x37: 41 39 45 40 35 40
48x46: 46 34 47 41 33 39
36x42: 29 30 22 27 30 29
47x39: 45 46 44 44 48 58
46x46: 34 35 37 36 43 39
47x44: 59 58 54 39 50 61
38x37: 32 42 43 35 33 31
47x50: 49 46 35 39 39 31
49x46: 44 39 34 40 37 45
44x50: 37 36 38 39 38 36
35x40: 37 37 35 39 28 41
44x37: 48 38 49 42 32 43
37x50: 41 36 18 30 34 33
49x38: 42 57 44 43 48 54
44x35: 36 45 44 36 30 50
39x50: 53 45 45 53 53 51
44x35: 29 27 31 29 17 21
43x36: 30 33 31 27 25 21
38x49: 22 28 27 43 33 39
47x36: 58 31 46 37 43 47
44x43: 49 52 49 53 46 40
45x37: 39 35 49 48 47 38
40x41: 34 27 31 23 28 26
44x37: 22 39 25 24 34 24
36x37: 34 39 37 29 39 25
41x37: 33 20 24 27 26 25
50x49: 39 51 30 47 46 43
35x39: 23 23 25 21 22 28
48x41: 33 33 40 28 33 40
46x40: 47 37 47 51 53 49
44x45: 35 24 33 38 39 41
43x45: 56 47 50 46 52 46
49x46: 45 63 59 68 55 57
43x46: 54 48 58 41 50 56
48x43: 57 54 46 59 52 47
35x40: 32 22 21 18 24 25
42x48: 49 50 51 53 64 40
35x49: 28 29 27 30 27 35
37x46: 35 33 26 25 26 34
41x48: 55 44 41 64 51 45
40x38: 41 40 29 42 46 33
37x50: 50 44 45 48 51 46
36x36: 32 29 29 40 34 36
38x46: 26 31 28 35 27 32
35x42: 22 25 23 25 26 32
40x47: 32 30 33 27 41 32
40x43: 36 34 24 31 23 34
50x46: 36 44 36 57 37 29
35x44: 23 29 26 18 19 38
41x35: 22 21 27 27 21 24
44x42: 39 34 28 36 27 31
50x40: 55 61 41 47 57 43
35x46: 27 19 29 28 25 36
48x40: 42 27 31 34 35 39
45x39: 33 37 31 33 30 30
47x37: 53 48 48 37 43 37
48x48: 50 58 59 56 69 64
49x40: 34 29 36 36 44 29
37x47: 37 32 18 34 33 26
49x47: 59 65 49 59 65 55
48x46: 55 53 54 69 53 55
36x49: 41 34 54 44 59 39
35x39: 24 24 28 18 25 23
37x46: 41 35 67 34 43 46
47x47: 65 51 61 57 60 43
44x39: 28 29 33 29 32 31
47x42: 38 33 42 39 26 31
41x45: 40 29 35 32 34 24
43x37: 49 44 39 36 40 35
47x35: 45 48 31 40 48 39
38x48: 43 51 44 48 49 45
45x40: 34 32 25 31 29 43
47x35: 43 48 38 40 43 40
36x48: 33 31 36 27 33 31
41x39: 29 52 40 35 39 55
50x45: 67 43 62 71 46 58
38x37: 20 24 19 29 28 24
49x39: 33 39 25 40 28 42
48x36: 48 39 49 46 42 42
50x40: 33 31 38 38 31 36
36x44: 36 30 20 25 34 23
38x48: 35 55 44 52 46 49
37x49: 43 19 25 34 36 35
49x48: 44 39 44 44 35 49
36x45: 29 43 27 32 20 29
43x38: 37 29 26 28 24 23
49x36: 38 46 43 47 63 30
39x43: 38 39 42 47 45 49
45x44: 46 55 46 54 53 50
46x38: 27 35 31 32 30 25
36x42: 29 26 34 31 25 23
45x38: 38 38 41 41 59 47
37x44: 41 48 34 36 45 47
46x41: 43 49 48 52 59 36
47x35: 30 25 25 31 25 29
38x47: 30 31 37 20 29 33
35x35: 29 31 37 30 32 30
38x40: 28 34 19 20 36 19
43x47: 38 29 40 34 31 37
38x41: 26 27 22 37 19 25
49x44: 56 68 56 53 52 44
39x48: 29 31 38 42 33 35
40x50: 30 34 36 32 36 40
50x38: 33 27 34 40 24 34
42x43: 29 34 36 27 41 28
35x37: 28 32 28 50 32 27
43x43: 39 27 36 27 29 38
38x44: 28 29 23 26 27 34
50x37: 42 46 55 49 51 41
39x41: 39 42 40 38 54 30
49x48: 41 46 33 43 48 44
43x41: 56 39 41 38 49 49
43x48: 55 48 54 46 60 56
44x50: 43 35 32 39 44 30
50x50: 40 49 43 41 38 44
37x41: 26 18 27 31 29 25
48x39: 35 26 36 37 37 37
41x41: 36 42 43 51 38 51
41x47: 31 33 38 30 34 28
39x48: 38 37 27 35 36 34
43x44: 34 30 22 32 40 37
38x46: 50 42 46 42 45 44
37x37: 27 38 23 41 41 41
35x41: 27 25 23 19 27 21
35x47: 31 26 24 29 26 28
42x35: 28 28 19 16 32 31
37x40: 36 43 37 32 46 32
47x44: 32 29 38 39 34 38
44x48: 53 43 53 61 71 40
42x36: 29 26 27 29 31 26
35x44: 32 48 40 32 46 39
36x39: 27 28 26 22 30 23
48x43: 40 31 40 26 40 47
40x35: 51 37 44 23 30 30
46x45: 46 33 38 35 40 33
49x36: 57 41 48 40 46 38
40x50: 25 36 40 42 31 34
41x40: 25 34 30 23 29 27
42x48: 41 31 36 42 32 42
49x47: 50 50 61 65 67 63
47x38: 40 46 47 40 52 52
38x44: 34 28 30 25 24 27
39x39: 40 47 35 36 33 44
46x45: 42 39 37 38 39 29
41x36: 37 44 41 27 40 39
47x35: 24 29 23 29 29 31
47x38: 25 28 28 38 29 31
47x38: 49 42 38 60 42 42
36x41: 23 21 26 28 30 27
44x44: 50 56 42 46 49 56
35x41: 19 26 24 18 31 25
36x41: 24 37 23 24 34 13
42x38: 40 38 36 46 44 41
45x35: 21 23 18 40 31 31
41x45: 30 37 32 31 32 32
41x38: 20 35 26 22 29 24
48x35: 28 35 25 29 22 37
50x37: 28 28 37 35 35 29
35x48: 33 27 31 34 24 27
46x38: 21 23 38 41 29 27
50x38: 32 23 34 37 25 40
39x49: 49 53 36 51 50 55
38x46: 40 47 40 48 55 36
40x50: 55 45 60 59 39 51
37x48: 37 32 20 36 38 29
47x42: 40 30 29 43 38 29
49x47: 39 35 38 41 41 46
44x50: 52 69 54 48 63 51
48x44: 34 47 36 45 32 30
46x42: 33 36 39 38 39 25
35x43: 21 30 25 27 28 23
46x35: 28 29 28 22 32 25
37x48: 31 28 31 30 39 32
37x37: 42 31 35 38 30 35
44x49: 65 54 51 53 56 51
39x49: 55 52 50 46 49 40
39x38: 37 28 35 36 53 39
36x36: 22 22 23 28 25 24
50x36: 29 33 35 24 26 44
42x50: 36 31 41 47 37 32
40x35: 16 27 36 21 20 23
43x38: 50 35 42 45 39 40
42x39: 41 38 48 43 44 38
38x40: 33 27 17 21 28 30
45x37: 52 33 42 39 49 41
49x43: 38 30 42 40 34 40
38x38: 26 27 21 28 22 20
41x41: 36 33 23 26 25 26
42x36: 40 30 20 27 22 29
35x45: 30 25 18 29 33 29
45x47: 42 33 38 32 34 46
46x48: 56 60 54 58 52 61
47x48: 55 30 39 40 27 49
48x40: 50 57 49 48 44 47
46x35: 33 30 30 23 22 26
36x42: 26 29 29 25 25 33
50x41: 41 26 34 37 29 40
41x40: 26 28 33 24 25 33
39x41: 30 29 23 25 25 36
35x50: 23 28 29 30 38 28
49x41: 37 32 34 34 33 37
40x36: 30 21 25 30 24 26
37x48: 27 37 38 34 26 29
49x46: 67 55 57 51 62 54
44x44: 40 25 31 39 31 30
36x45: 37 39 48 41 45 40
41x49: 30 36 37 37 37 31
35x36: 31 25 37 37 27 40
50x43: 54 45 69 51 64 48
50x41: 41 28 37 30 30 41
46x42: 27 40 33 37 32 40
47x39: 31 34 27 35 30 38
37x41: 34 43 41 40 42 32
48x43: 52 46 48 54 59 60
49x47: 43 38 52 37 33 37
35x49: 28 34 20 24 33 36
35x39: 23 26 22 28 25 19
41x44: 22 32 34 28 31 35
50x43: 49 64 55 53 50 62
39x49: 25 40 41 32 37 32
44x43: 24 37 34 35 35 31
47x50: 39 42 43 40 34 42
41x49: 25 41 38 32 34 37
47x44: 40 42 32 34 34 27
37x49: 50 41 34 45 54 56
49x50: 34 49 51 45 43 33
38x41: 39 45 45 32 44 34
39x47: 39 48 42 49 50 56
37x42: 25 30 27 22 37 27
40x35: 36 38 42 28 35 38
48x40: 35 28 32 41 31 40
37x48: 26 33 33 29 41 30
42x36: 28 30 17 30 34 29
47x35: 24 26 35 35 24 21
48x43: 55 39 56 57 54 59
47x40: 46 49 55 36 58 46
46x43: 46 29 39 26 31 39
50x35: 29 33 28 30 32 23
35x45: 36 21 24 27 29 27
49x48: 42 37 44 44 45 44
48x38: 26 36 37 25 31 36
39x48: 38 33 36 35 34 31
49x47: 34 41 44 42 43 35
40x35: 24 17 34 18 31 18
40x48: 29 39 30 40 36 33
41x42: 33 26 25 37 27 34
43x40: 37 44 43 48 40 56
40x45: 27 39 28 25 41 34
36x43: 33 27 20 39 28 20
35x38: 22 18 20 26 16 30
42x50: 43 32 42 38 27 41
37x48: 29 38 33 35 30 27
37x35: 36 34 38 28 34 29
50x46: 44 34 42 37 41 41
49x47: 57 68 50 63 64 48
46x49: 70 58 61 56 51 49
40x48: 34 32 36 38 33 35
44x43: 39 35 25 36 32 28
36x44: 43 33 44 54 34 35
45x39: 49 35 58 38 53 37
48x37: 44 49 47 44 41 50
39x45: 41 47 45 50 46 40
48x37: 53 38 41 39 49 56
35x35: 16 23 17 22 19 23
40x44: 47 40 45 39 53 48
47x36: 33 30 29 31 28 28
41x48: 40 37 41 38 20 31
50x47: 40 39 36 47 42 35
37x42: 24 26 32 36 28 21
36x40: 25 33 22 33 23 20
35x35: 22 34 33 34 34 32
38x42: 51 39 38 40 35 43
36x47: 30 24 28 27 37 34
48x47: 34 30 42 42 51 41
35x49: 28 35 31 22 29 30
36x48: 35 48 55 43 44 42
49x42: 55 64 51 52 49 43
49x37: 44 55 39 43 58 36
35x48: 24 27 22 39 30 33
45x36: 43 36 45 39 41 48
39x36: 25 26 33 30 21 20
38x42: 35 27 27 26 24 28
42x44: 44 58 49 47 47 37
37x48: 49 44 48 41 53 36
49x39: 35 43 38 31 30 30
39x48: 42 26 32 38 42 27
39x42: 39 33 24 30 23 33
42x44: 36 31 31 37 27 33
36x40: 30 20 30 24 28 24
44x45: 65 40 53 47 48 53
43x39: 41 25 32 35 27 22
37x46: 25 29 28 39 30 28
42x35: 23 27 33 23 23 25
36x47: 35 25 29 30 32 28
35x38: 17 15 26 26 27 20
48x50: 57 66 53 72 60 60
43x38: 45 48 43 44 39 29
44x38: 54 39 37 35 43 51
42x48: 33 37 38 40 37 39
43x48: 63 54 46 49 47 60
49x47: 52 65 54 59 57 70
47x35: 46 48 31 33 46 50
42x36: 30 29 28 24 36 21
35x35: 36 35 37 33 18 30
42x44: 35 38 33 28 31 30
40x50: 33 37 36 31 32 39
39x43: 39 40 48 34 53 46
43x50: 50 52 63 64 54 47
47x41: 34 34 30 29 32 35
49x41: 31 42 34 39 36 26
45x49: 34 46 46 34 41 39
38x43: 49 40 43 40 38 42
37x42: 26 28 28 36 25 25
44x37: 32 28 36 17 29 26
38x40: 40 35 42 31 49 37
43x48: 45 27 38 36 34 43
35x35: 40 33 33 26 28 28
41x47: 58 57 47 36 53 44
45x40: 28 26 44 36 35 26
48x49: 69 65 50 59 66 48
42x36: 41 31 47 38 39 38
43x38: 32 28 34 21 23 30
41x42: 36 34 31 20 27 34
41x48: 49 54 57 47 52 43
50x38: 29 24 32 38 36 33
43x40: 23 44 30 35 22 28
36x46: 25 25 26 35 38 30
50x42: 54 42 58 50 58 65
41x36: 22 22 26 34 26 25
48x46: 58 64 55 55 50 58
42x36: 26 29 25 38 19 31
49x37: 40 32 25 38 25 31
48x46: 47 46 38 37 37 35
40x48: 40 33 33 31 34 37
44x36: 31 35 23 29 29 21
38x39: 32 29 16 32 24 22
50x35: 37 30 28 28 26 26
44x47: 30 39 36 30 31 43
40x46: 56 48 50 40 40 51
37x42: 29 25 30 32 25 27
42x43: 51 48 45 43 50 39
50x41: 27 27 32 30 47 45
47x37: 38 27 24 25 28 38
36x44: 33 22 24 25 30 33
39x38: 41 34 31 45 41 34
45x47: 39 46 39 31 44 25
38x47: 42 39 41 52 50 52
37x47: 20 20 35 28 38 38
38x45: 26 29 27 31 27 40
45x44: 33 25 37 38 39 37
35x37: 31 25 21 24 12 19
41x38: 25 25 31 25 27 22
45x41: 36 31 41 25 27 35
39x39: 36 37 36 43 45 36
46x35: 30 18 28 32 28 29
47x37: 52 47 37 45 43 42
47x39: 22 40 31 33 33 36
49x42: 58 57 56 48 51 45
49x43: 36 46 44 32 26 40
41x48: 35 30 43 25 39 36
40x43: 49 45 49 44 34 45
35x37: 30 18 24 19 17 23
39x46: 30 43 43 27 17 34
44x41: 42 53 55 36 49 43
46x42: 57 59 33 47 48 52
40x40: 43 49 41 33 45 33
37x40: 46 34 41 36 42 26
43x48: 62 50 66 46 47 47
43x44: 33 36 28 28 36 34
35x45: 42 36 38 45 41 40
35x49: 26 23 36 35 26 30
47x44: 35 33 36 34 38 33
49x50: 71 64 60 51 58 77
39x48: 32 41 29 40 39 27
38x48: 36 28 29 26 41 32
49x47: 55 53 71 62 54 62
35x37: 38 34 32 31 32 32
48x39: 37 32 33 30 39 36
36x46: 43 42 39 46 36 51
41x41: 17 41 23 33 24 30
43x38: 60 44 40 35 39 30
37x41: 22 25 27 25 32 24
44x48: 63 56 45 54 44 65
45x43: 28 45 38 34 21 43
46x48: 50 40 42 40 35 33
48x43: 34 34 30 43 34 48
44x40: 63 39 39 47 48 30
42x38: 43 23 25 24 26 27
44x48: 38 30 31 37 45 42
45x49: 47 48 46 28 33 38
39x44: 39 52 43 43 43 44
36x47: 36 45 52 44 44 40
44x42: 53 49 52 36 44 53
35x50: 27 27 38 25 29 29
40x35: 19 31 20 28 28 16
45x49: 29 49 43 42 41 35
44x49: 60 59 60 57 40 57
39x42: 34 24 30 33 27 34
35x36: 21 30 17 21 17 25
41x40: 23 38 27 22 32 26
36x46: 32 33 24 34 32 24
35x38: 16 25 17 29 24 20
50x45: 60 59 59 51 64 52
41x40: 22 26 31 37 22 31
38x36: 12 28 27 23 31 22
38x44: 29 28 27 22 31 31
44x40: 33 29 33 23 31 33
46x50: 61 46 61 65 63 58
36x40: 39 32 30 44 41 34
47x42: 29 37 32 37 37 37
37x35: 26 22 20 20 14 30
47x41: 63 46 52 51 46 35
48x49: 39 59 37 44 38 38
49x40: 29 33 42 30 35 38
44x45: 61 46 46 53 48 50
36x37: 29 34 28 33 50 29
43x47: 32 34 33 45 31 35
44x44: 39 62 51 49 51 45
50x36: 41 56 41 50 44 44
44x41: 46 58 54 45 37 36
47x36: 43 37 43 43 50 45
41x40: 40 50 38 34 45 46
38x46: 33 35 28 26 25 33
48x50: 41 56 41 39 35 44
39x37: 34 20 23 28 29 22
42x48: 32 34 29 40 38 50
41x46: 30 30 41 30 33 31
39x47: 53 56 38 44 45 44
35x45: 49 38 36 43 41 33
36x50: 41 43 45 52 42 57
41x42: 38 25 27 33 35 24
46x47: 36 41 36 38 38 36
47x50: 39 43 44 45 37 32
41x41: 49 55 34 39 44 34
48x42: 48 59 44 58 50 50
45x47: 36 37 28 48 33 43
47x39: 34 26 34 37 30 34
40x37: 39 41 36 36 42 32
37x46: 51 44 44 48 32 43
38x47: 45 48 43 41 41 61
49x37: 38 36 34 25 28 30
45x45: 39 33 43 36 37 37
46x40: 47 49 52 48 38 51
43x43: 48 44 54 51 46 41
41x44: 46 38 44 53 52 44
50x47: 34 40 40 44 41 40
47x39: 42 47 45 55 43 51
36x47: 45 51 33 40 37 57
45x44: 34 32 29 43 41 31
41x45: 30 29 28 30 40 38
48x43: 47 53 52 58 59 47
45x43: 52 51 48 51 56 36
42x44: 41 33 28 40 31 23
45x39: 51 39 35 49 47 49
48x49: 46 30 45 44 43 47
50x39: 37 47 30 26 39 29
35x43: 45 32 40 40 31 46
50x41: 30 34 39 38 36 30
44x37: 29 19 21 34 25 39
38x47: 46 40 44 47 44 57
38x42: 19 33 29 26 29 32
40x43: 38 49 35 49 48 45
47x38: 40 47 51 48 36 57
38x49: 41 59 41 46 53 45
46x42: 44 42 66 42 58 47
43x50: 38 32 28 42 36 47
46x42: 34 38 28 41 35 33
46x41: 39 31 34 24 26 41
47x46: 44 27 41 39 37 37
49x46: 41 43 29 43 39 44
41x40: 27 33 27 32 25 25
44x40: 22 25 37 34 29 35
40x44: 38 27 30 32 32 23
40x50: 36 33 35 30 36 38
37x49: 45 51 43 45 45 51
36x47: 49 45 38 46 41 40
36x44: 38 42 39 43 40 42
45x45: 44 53 52 49 61 53
43x40: 33 26 34 35 32 22
43x37: 20 31 20 34 34 29
47x46: 69 52 55 54 47 56
36x38: 25 22 23 25 18 31
38x47: 43 43 58 43 38 54
47x38: 37 34 35 27 31 16
47x45: 42 26 34 44 40 38
48x36: 46 47 47 38 43 46
41x41: 32 28 33 26 24 26
39x41: 31 32 22 31 25 27
43x48: 39 44 41 29 35 36
36x48: 43 37 39 44 46 61
39x38: 40 33 36 44 35 41
40x47: 47 45 40 53 53 51
50x41: 49 54 50 65 50 45
40x47: 45 40 30 21 31 28
39x45: 55 40 43 44 48 38
46x41: 42 47 55 56 46 44
38x47: 45 34 54 54 39 52
38x38: 41 46 34 32 37 30
36x39: 30 29 41 45 31 43
49x45: 33 49 44 42 37 34
47x49: 41 40 48 50 36 25
47x35: 50 36 45 39 41 43
50x38: 51 50 49 44 47 53
38x37: 40 33 40 32 41 29
45x37: 29 44 41 47 53 42
38x46: 45 50 48 30 49 49
49x49: 62 63 54 64 60 67
40x35: 40 38 34 30 38 35
50x44: 48 58 58 58 56 63
43x37: 37 29 22 24 33 23
48x37: 39 52 43 40 52 48
41x46: 51 54 49 49 43 43
42x50: 30 33 31 35 46 48
41x50: 33 44 31 30 38 32
48x42: 48 47 54 47 60 56
45x49: 42 39 45 36 35 43
47x46: 28 31 41 50 45 30
46x45: 31 44 28 48 34 40
35x41: 28 23 22 26 23 21
44x48: 36 38 36 49 32 33
39x44: 27 33 28 29 34 30
38x40: 42 38 37 39 41 36
37x47: 26 26 24 30 32 42
35x40: 27 18 26 12 30 30
38x50: 54 50 52 53 38 45
35x48: 30 25 27 29 30 35
38x50: 31 36 29 31 31 34
37x48: 40 27 34 29 31 31
46x45: 43 64 48 51 56 57
44x43: 36 29 41 33 25 32
39x42: 48 39 41 50 33 41
40x35: 34 39 42 40 32 27
43x42: 45 43 47 47 56 38
39x48: 29 32 35 35 33 43
47x50: 68 59 54 67 53 60
46x35: 41 47 43 38 39 40
41x35: 36 39 41 31 32 45